[ 7424.872424] [Project1] 3237 1588059492.075481261 1588059495.217699338
[ 7429.507512] [Project1] 3238 1588059497.850188279 1588059499.850492307
[ 7432.238055] [Project1] 3239 1588059501.338960526 1588059502.579672586
[ 7434.669160] [Project1] 3240 1588059503.826987511 1588059505.009554737
[ 7438.096634] [Project1] 3241 1588059506.202740189 1588059508.435311420
[ 7442.478635] [Project1] 3244 1588059510.795717239 1588059512.815129871
[ 7447.029370] [Project1] 3245 1588059514.354762161 1588059517.363585999
[ 7450.356195] [Project1] 3246 1588059519.298696058 1588059520.688754204
[ 7455.900064] [Project1] 3247 1588059523.347619612 1588059526.229843263
[ 7459.645247] [Project1] 3248 1588059528.474301101 1588059529.973160726
